Bar name,Bar length (inches),Bar length (meters),Num_leds,len_leds_meters,len_leds_inches
ACE-WET,46.3,1.1760199999999998,61,1.0166666666666666,40.026247999999995
ACE-BRO,34.8,0.8839199999999999,43,0.7166666666666667,28.215224
ACE-EYE,34.5,0.8763,43,0.7166666666666667,28.215224
ACE-DUI,43.5,1.1049,57,0.95,37.401576
ACE-IVY,48.4,1.22936,64,1.0666666666666667,41.994752
ACE-FIX,51.4,1.3055599999999998,69,1.15,45.275591999999996
ACE-YES,44.3,1.1252199999999999,58,0.9666666666666667,38.057744
ACE-SUN,32.5,0.8255,40,0.6666666666666666,26.24672
ACE-POP,33.4,0.8483599999999999,41,0.6833333333333333,26.902887999999997
ACE-EON,41.3,1.0490199999999998,53,0.8833333333333333,34.776904
ACE-NOM,54.7,1.38938,74,1.2333333333333334,48.556432
ACE-HIT,34.8,0.8839199999999999,43,0.7166666666666667,28.215224
ACT-BUG,47.4,1.20396,63,1.05,41.338584
ACT-ASH,29.6,0.75184,35,0.5833333333333334,22.96588
ACT-LAM,30.8,0.78232,37,0.6166666666666667,24.278216
ACT-TRY,29.5,0.7493,35,0.5833333333333334,22.96588
ACT-DUH,32.2,0.81788,39,0.65,25.590552
ACT-NAN,48.8,1.23952,65,1.0833333333333333,42.65092
ACT-TAU,42.6,1.08204,55,0.9166666666666666,36.08924
ACT-SOY,42.8,1.0871199999999999,56,0.9333333333333333,36.745408
ACT-HAM,41.1,1.04394,53,0.8833333333333333,34.776904
ACT-LAX,39.8,1.0109199999999998,51,0.85,33.464568
ADO-JOB,33.5,0.8509,41,0.6833333333333333,26.902887999999997
ADO-DUB,34.75,0.8826499999999999,43,0.7166666666666667,28.215224
ADO-BOA,32.5,0.8255,40,0.6666666666666666,26.24672
ADO-WET,48.4,1.22936,64,1.0666666666666667,41.994752
ADO-REF,47.2,1.19888,62,1.0333333333333334,40.682415999999996
ADO-TOY,31.8,0.80772,39,0.65,25.590552
ADO-NIL,42.3,1.07442,55,0.9166666666666666,36.08924
ADO-NAY,34.0,0.8635999999999999,42,0.7,27.559055999999998
ADO-WAR,34.9,0.8864599999999999,44,0.7333333333333333,28.871392
ADO-HOW,46.6,1.18364,61,1.0166666666666666,40.026247999999995
ADO-ELF,51.9,1.31826,69,1.15,45.275591999999996
ADO-PLY,53.3,1.3538199999999998,72,1.2,47.244096
AGE-KIT,40.125,1.019175,52,0.8666666666666667,34.120736
AGE-BED,45.5,1.1557,60,1.0,39.37008
AGE-CHI,32.5,0.8255,40,0.6666666666666666,26.24672
AGE-DOG,31.4,0.7975599999999999,38,0.6333333333333333,24.934383999999998
AGE-COY,46.2,1.17348,61,1.0166666666666666,40.026247999999995
AGE-BAR,31.1,0.78994,38,0.6333333333333333,24.934383999999998
AGE-SIR,44.1,1.12014,58,0.9666666666666667,38.057744
AGE-CUP,45.0,1.143,59,0.9833333333333333,38.713912
AGE-ONO,36.5,0.9270999999999999,46,0.7666666666666667,30.183728
AGE-ELK,44.0,1.1176,57,0.95,37.401576
AGO-ALA,25.9,0.6578599999999999,30,0.5,19.68504
AGO-MIX,36.6,0.92964,46,0.7666666666666667,30.183728
AGO-OAR,33.5,0.8509,41,0.6833333333333333,26.902887999999997
AGO-TAX,39.7,1.00838,51,0.85,33.464568
AGO-MOM,37.7,0.95758,48,0.8,31.496063999999997
AGO-FLY,35.3,0.8966199999999999,44,0.7333333333333333,28.871392
AGO-OIL,37.4,0.9499599999999999,47,0.7833333333333333,30.839896
AGO-GUT,39.8,1.0109199999999998,51,0.85,33.464568
AHI-NIL,31.0,0.7874,38,0.6333333333333333,24.934383999999998
AHI-YES,33.1,0.84074,41,0.6833333333333333,26.902887999999997
AHI-ERA,31.3,0.79502,38,0.6333333333333333,24.934383999999998
AHI-IRE,37.4,0.9499599999999999,47,0.7833333333333333,30.839896
AHI-JUG,41.7,1.05918,54,0.9,35.433071999999996
AHI-EON,37.3,0.9474199999999999,47,0.7833333333333333,30.839896
AIM-MOM,32.25,0.8191499999999999,40,0.6666666666666666,26.24672
AIM-LID,34.625,0.879475,43,0.7166666666666667,28.215224
AIM-EGO,29.6,0.75184,35,0.5833333333333334,22.96588
AIM-WAX,35.4,0.89916,44,0.7333333333333333,28.871392
AIM-MIX,41.7,1.05918,54,0.9,35.433071999999996
AIR-COW,34.5,0.8763,43,0.7166666666666667,28.215224
AIR-GIG,31.6,0.80264,39,0.65,25.590552
AIR-ODD,30.1,0.76454,36,0.6,23.622048
AIR-MAC,32.7,0.83058,40,0.6666666666666666,26.24672
AIR-FAX,33.5,0.8509,41,0.6833333333333333,26.902887999999997
AIR-FIX,34.7,0.88138,43,0.7166666666666667,28.215224
ALA-OIL,33.75,0.85725,42,0.7,27.559055999999998
ALA-INK,28.4,0.7213599999999999,34,0.5666666666666667,22.309711999999998
ALA-FLY,37.1,0.94234,47,0.7833333333333333,30.839896
ALA-GUT,34.1,0.86614,42,0.7,27.559055999999998
ALA-MIX,39.9,1.01346,51,0.85,33.464568
ALL-PRO,28.5,0.7239,34,0.5666666666666667,22.309711999999998
ALL-GOO,34.0,0.8635999999999999,42,0.7,27.559055999999998
ALL-EGG,33.6,0.85344,42,0.7,27.559055999999998
ALL-SAD,37.2,0.94488,47,0.7833333333333333,30.839896
ALL-RUG,31.8,0.80772,39,0.65,25.590552
ALL-PIG,35.6,0.90424,45,0.75,29.527559999999998
AMP-ROB,36.0,0.9144,45,0.75,29.527559999999998
AMP-SEX,33.0,0.8382,41,0.6833333333333333,26.902887999999997
AMP-YAY,36.5,0.9270999999999999,46,0.7666666666666667,30.183728
AMP-SAW,38.6,0.98044,49,0.8166666666666667,32.152232
AMP-CAB,30.9,0.7848599999999999,37,0.6166666666666667,24.278216
ARM-ELF,32.375,0.822325,40,0.6666666666666666,26.24672
ARM-BRO,33.125,0.841375,41,0.6833333333333333,26.902887999999997
ARM-BIO,33.5,0.8509,41,0.6833333333333333,26.902887999999997
ARM-WET,34.125,0.866775,42,0.7,27.559055999999998
ARM-DUB,30.3,0.76962,37,0.6166666666666667,24.278216
ARM-NOM,31.4,0.7975599999999999,38,0.6333333333333333,24.934383999999998
ART-COY,30.0,0.762,36,0.6,23.622048
ART-FIG,42.3,1.07442,55,0.9166666666666666,36.08924
ART-KIT,47.3,1.20142,62,1.0333333333333334,40.682415999999996
ART-ASH,39.3,0.9982199999999999,50,0.8333333333333334,32.8084
ART-MAD,38.1,0.96774,48,0.8,31.496063999999997
ART-LAX,46.1,1.17094,61,1.0166666666666666,40.026247999999995
ART-NOR,43.4,1.10236,56,0.9333333333333333,36.745408
ART-BUG,33.3,0.8458199999999999,41,0.6833333333333333,26.902887999999997
ASH-LAM,30.0,0.762,36,0.6,23.622048
ASH-LAX,33.7,0.8559800000000001,42,0.7,27.559055999999998
ASH-HAM,42.3,1.07442,55,0.9166666666666666,36.08924
ASH-BUG,36.7,0.93218,46,0.7666666666666667,30.183728
ASK-FRO,33.375,0.847725,41,0.6833333333333333,26.902887999999997
ASK-ORC,33.625,0.8540749999999999,42,0.7,27.559055999999998
ASK-GUN,34.2,0.86868,42,0.7,27.559055999999998
ASK-TUB,28.8,0.73152,34,0.5666666666666667,22.309711999999998
ASK-OFF,30.2,0.76708,36,0.6,23.622048
ASK-TAG,35.4,0.89916,44,0.7333333333333333,28.871392
BAH-ETA,32.875,0.835025,40,0.6666666666666666,26.24672
BAH-CIS,33.0,0.8382,41,0.6833333333333333,26.902887999999997
BAH-BOY,33.875,0.860425,42,0.7,27.559055999999998
BAH-WIN,29.6,0.75184,35,0.5833333333333334,22.96588
BAH-BAM,36.3,0.9220199999999998,46,0.7666666666666667,30.183728
BAM-JAR,44.8,1.1379199999999998,59,0.9833333333333333,38.713912
BAM-YAY,56.7,1.44018,77,1.2833333333333334,50.524936
BAM-HAY,35.5,0.9017,44,0.7333333333333333,28.871392
BAM-ETA,51.9,1.31826,69,1.15,45.275591999999996
BAM-CIS,52.7,1.33858,71,1.1833333333333333,46.587928
BAM-WIN,34.4,0.87376,43,0.7166666666666667,28.215224
BAR-CUP,33.375,0.847725,41,0.6833333333333333,26.902887999999997
BAR-SIR,33.375,0.847725,41,0.6833333333333333,26.902887999999997
BAR-FLU,31.1,0.78994,38,0.6333333333333333,24.934383999999998
BAR-DOG,31.5,0.8000999999999999,38,0.6333333333333333,24.934383999999998
BAR-ONO,39.7,1.00838,51,0.85,33.464568
BED-ICE,32.75,0.83185,40,0.6666666666666666,26.24672
BED-DOG,34.0,0.8635999999999999,42,0.7,27.559055999999998
BED-COY,48.0,1.2191999999999998,64,1.0666666666666667,41.994752
BED-MAD,32.3,0.8204199999999999,40,0.6666666666666666,26.24672
BED-SAY,43.6,1.10744,57,0.95,37.401576
BED-GIN,49.9,1.2674599999999998,66,1.1,43.307088
BED-CHI,32.7,0.83058,40,0.6666666666666666,26.24672
BED-PAW,43.0,1.0922,56,0.9333333333333333,36.745408
BED-CUP,49.3,1.2522199999999999,65,1.0833333333333333,42.65092
BED-LAX,43.7,1.10998,57,0.95,37.401576
BED-DAY,43.4,1.10236,56,0.9333333333333333,36.745408
BIO-ELF,32.125,0.815975,39,0.65,25.590552
BIO-JOY,33.25,0.8445499999999999,41,0.6833333333333333,26.902887999999997
BIO-NOM,33.5,0.8509,41,0.6833333333333333,26.902887999999997
BIO-RAD,31.4,0.7975599999999999,38,0.6333333333333333,24.934383999999998
BIO-SPY,36.7,0.93218,46,0.7666666666666667,30.183728
BOA-REF,33.25,0.8445499999999999,41,0.6833333333333333,26.902887999999997
BOA-WAR,31.8,0.80772,39,0.65,25.590552
BOA-SHY,39.4,1.0007599999999999,50,0.8333333333333334,32.8084
BOA-NAY,36.2,0.9194800000000001,46,0.7666666666666667,30.183728
BOA-HOW,32.9,0.83566,40,0.6666666666666666,26.24672
BOX-HUG,33.375,0.847725,41,0.6833333333333333,26.902887999999997
BOX-GYM,33.5,0.8509,41,0.6833333333333333,26.902887999999997
BOX-LID,35.75,0.9080499999999999,45,0.75,29.527559999999998
BOX-EGO,29.8,0.75692,36,0.6,23.622048
BOX-VAN,34.1,0.86614,42,0.7,27.559055999999998
BOY-FOX,33.5,0.8509,41,0.6833333333333333,26.902887999999997
BOY-ETA,33.875,0.860425,42,0.7,27.559055999999998
BOY-TAG,33.8,0.8585199999999998,42,0.7,27.559055999999998
BOY-CIS,31.1,0.78994,38,0.6333333333333333,24.934383999999998
BOY-ORC,33.3,0.8458199999999999,41,0.6833333333333333,26.902887999999997
BRO-WET,31.6,0.80264,39,0.65,25.590552
BRO-EON,41.2,1.04648,53,0.8833333333333333,34.776904
BRO-HIT,28.3,0.71882,33,0.55,21.653544
BRO-NOM,35.5,0.9017,44,0.7333333333333333,28.871392
BUG-YAK,35.625,0.904875,45,0.75,29.527559999999998
BUG-LAB,35.7,0.90678,45,0.75,29.527559999999998
BUG-TAU,51.0,1.2953999999999999,68,1.1333333333333333,44.619423999999995
BUG-LAM,35.2,0.89408,44,0.7333333333333333,28.871392
BUG-ZAP,49.0,1.2446,65,1.0833333333333333,42.65092
BUG-NOR,49.4,1.2547599999999999,66,1.1,43.307088
BUG-LAX,55.2,1.40208,74,1.2333333333333334,48.556432
BUG-COY,47.7,1.21158,63,1.05,41.338584
BUG-GOO,53.2,1.35128,71,1.1833333333333333,46.587928
BUG-FIG,36.0,0.9144,45,0.75,29.527559999999998
CAB-ROB,32.375,0.822325,40,0.6666666666666666,26.24672
CAB-DAD,49.0,1.2446,65,1.0833333333333333,42.65092
CAB-YAY,49.1,1.24714,65,1.0833333333333333,42.65092
CAB-OAK,31.4,0.7975599999999999,38,0.6333333333333333,24.934383999999998
CAB-GET,45.6,1.15824,60,1.0,39.37008
CAB-SEX,43.7,1.10998,57,0.95,37.401576
CHI-MAD,31.2,0.79248,38,0.6333333333333333,24.934383999999998
CHI-COY,33.4,0.8483599999999999,41,0.6833333333333333,26.902887999999997
CHI-DOG,29.7,0.7543799999999999,36,0.6,23.622048
CHI-KIT,35.4,0.89916,44,0.7333333333333333,28.871392
CIS-ORC,34.25,0.86995,43,0.7166666666666667,28.215224
CIS-ETA,45.3,1.15062,59,0.9833333333333333,38.713912
CIS-TAG,44.6,1.13284,58,0.9666666666666667,38.057744
CIS-OFF,53.5,1.3589,72,1.2,47.244096
COP-WOW,43.3,1.0998199999999998,56,0.9333333333333333,36.745408
COP-USE,29.6,0.75184,35,0.5833333333333334,22.96588
COP-NEW,30.6,0.77724,37,0.6166666666666667,24.278216
COP-TAT,50.2,1.27508,67,1.1166666666666667,43.963256
COP-GET,48.2,1.22428,64,1.0666666666666667,41.994752
COP-ELK,44.3,1.1252199999999999,58,0.9666666666666667,38.057744
COW-KEG,33.75,0.85725,42,0.7,27.559055999999998
COW-WAS,33.875,0.860425,42,0.7,27.559055999999998
COW-ODD,36.25,0.92075,46,0.7666666666666667,30.183728
COW-LIE,49.8,1.2649199999999998,66,1.1,43.307088
COW-LUG,50.3,1.27762,67,1.1166666666666667,43.963256
COW-FIX,52.4,1.33096,70,1.1666666666666667,45.93176
COW-EAR,52.3,1.32842,70,1.1666666666666667,45.93176
COW-GIG,46.0,1.1683999999999999,60,1.0,39.37008
COW-TAR,45.4,1.15316,60,1.0,39.37008
COW-ZOO,35.0,0.889,44,0.7333333333333333,28.871392
COW-FAX,32.6,0.82804,40,0.6666666666666666,26.24672
COY-LAX,46.1,1.17094,61,1.0166666666666666,40.026247999999995
COY-NOR,45.3,1.15062,59,0.9833333333333333,38.713912
COY-ELK,48.7,1.23698,65,1.0833333333333333,42.65092
COY-KIT,32.3,0.8204199999999999,40,0.6666666666666666,26.24672
COY-MAD,33.5,0.8509,41,0.6833333333333333,26.902887999999997
CUP-VAN,32.75,0.83185,40,0.6666666666666666,26.24672
CUP-DOG,33.25,0.8445499999999999,41,0.6833333333333333,26.902887999999997
CUP-DAY,45.7,1.16078,60,1.0,39.37008
CUP-FLU,30.8,0.78232,37,0.6166666666666667,24.278216
CUP-HUG,42.2,1.07188,55,0.9166666666666666,36.08924
CUP-SIR,49.6,1.25984,66,1.1,43.307088
CUP-GYM,51.1,1.29794,68,1.1333333333333333,44.619423999999995
CUP-PAW,31.9,0.81026,39,0.65,25.590552
DAD-GEL,35.25,0.89535,44,0.7333333333333333,28.871392
DAD-FOR,35.8,0.9093199999999999,45,0.75,29.527559999999998
DAD-EAR,54.1,1.37414,73,1.2166666666666666,47.900264
DAD-RUG,48.8,1.23952,65,1.0833333333333333,42.65092
DAD-PIG,50.2,1.27508,67,1.1166666666666667,43.963256
DAD-ROB,34.2,0.86868,42,0.7,27.559055999999998
DAD-SEX,50.4,1.28016,67,1.1166666666666667,43.963256
DAD-EGG,33.6,0.85344,42,0.7,27.559055999999998
DAD-GET,55.7,1.41478,75,1.25,49.212599999999995
DAD-OAK,35.7,0.90678,45,0.75,29.527559999999998
DAD-MOO,35.2,0.89408,44,0.7333333333333333,28.871392
DAY-TAX,44.6,1.13284,58,0.9666666666666667,38.057744
DAY-PAW,29.1,0.73914,35,0.5833333333333334,22.96588
DAY-SAY,28.6,0.72644,34,0.5666666666666667,22.309711999999998
DAY-ZIG,29.8,0.75692,36,0.6,23.622048
DAY-GIN,44.2,1.1226800000000001,58,0.9666666666666667,38.057744
DAY-GYM,43.4,1.10236,56,0.9333333333333333,36.745408
DIG-GUN,33.875,0.860425,42,0.7,27.559055999999998
DIG-NOM,31.7,0.8051799999999999,39,0.65,25.590552
DIG-HIT,34.2,0.86868,42,0.7,27.559055999999998
DIG-DUI,31.5,0.8000999999999999,38,0.6333333333333333,24.934383999999998
DIG-JOY,30.3,0.76962,37,0.6166666666666667,24.278216
DIG-TUB,30.7,0.7797799999999999,37,0.6166666666666667,24.278216
DOG-PAW,39.1,0.99314,50,0.8333333333333334,32.8084
DRY-OIL,32.5,0.8255,40,0.6666666666666666,26.24672
DRY-VOW,34.1,0.86614,42,0.7,27.559055999999998
DRY-REF,32.0,0.8128,39,0.65,25.590552
DRY-SHY,45.7,1.16078,60,1.0,39.37008
DRY-FLY,39.5,1.0032999999999999,51,0.85,33.464568
DRY-FUN,35.3,0.8966199999999999,44,0.7333333333333333,28.871392
DUB-TOY,31.9,0.81026,39,0.65,25.590552
DUB-WAR,30.1,0.76454,36,0.6,23.622048
DUB-WET,32.8,0.8331199999999999,40,0.6666666666666666,26.24672
DUB-ELF,35.3,0.8966199999999999,44,0.7333333333333333,28.871392
DUH-TRY,32.375,0.822325,40,0.6666666666666666,26.24672
DUH-NAN,34.3,0.8712199999999999,43,0.7166666666666667,28.215224
DUH-MOP,32.1,0.81534,39,0.65,25.590552
DUH-SOY,31.3,0.79502,38,0.6333333333333333,24.934383999999998
DUH-HAM,34.5,0.8763,43,0.7166666666666667,28.215224
DUI-HIT,29.3,0.74422,35,0.5833333333333334,22.96588
DUI-SKY,30.5,0.7746999999999999,37,0.6166666666666667,24.278216
DUI-TUB,30.3,0.76962,37,0.6166666666666667,24.278216
DUI-GUN,47.6,1.20904,63,1.05,41.338584
DUI-SUN,31.2,0.79248,38,0.6333333333333333,24.934383999999998
DUI-TAG,42.4,1.07696,55,0.9166666666666666,36.08924
DUI-IVY,46.3,1.1760199999999998,61,1.0166666666666666,40.026247999999995
DUI-NOM,43.3,1.0998199999999998,56,0.9333333333333333,36.745408
EAR-MOO,34.75,0.8826499999999999,43,0.7166666666666667,28.215224
EAR-GEL,35.375,0.898525,44,0.7333333333333333,28.871392
EAR-PIG,48.4,1.22936,64,1.0666666666666667,41.994752
EAR-LIE,51.5,1.3081,69,1.15,45.275591999999996
EAR-JAM,33.5,0.8509,41,0.6833333333333333,26.902887999999997
EAR-WAS,35.4,0.89916,44,0.7333333333333333,28.871392
EAR-ZOO,35.3,0.8966199999999999,44,0.7333333333333333,28.871392
EAR-SEX,49.4,1.2547599999999999,66,1.1,43.307088
EAR-TAR,50.3,1.27762,67,1.1166666666666667,43.963256
EAR-PHI,35.0,0.889,44,0.7333333333333333,28.871392
EGG-RUG,33.25,0.8445499999999999,41,0.6833333333333333,26.902887999999997
EGG-PIG,34.4,0.87376,43,0.7166666666666667,28.215224
EGG-FOR,38.8,0.9855199999999998,49,0.8166666666666667,32.152232
EGG-MOO,34.2,0.86868,42,0.7,27.559055999999998
EGO-GYM,33.125,0.841375,41,0.6833333333333333,26.902887999999997
EGO-MOM,30.9,0.7848599999999999,37,0.6166666666666667,24.278216
EGO-LID,35.0,0.889,44,0.7333333333333333,28.871392
EGO-OAR,43.9,1.11506,57,0.95,37.401576
ELF-WET,49.3,1.2522199999999999,65,1.0833333333333333,42.65092
ELF-SPY,49.8,1.2649199999999998,66,1.1,43.307088
ELF-PIE,49.9,1.2674599999999998,66,1.1,43.307088
ELF-GAL,32.5,0.8255,40,0.6666666666666666,26.24672
ELF-WAR,33.4,0.8483599999999999,41,0.6833333333333333,26.902887999999997
ELF-RAD,35.1,0.89154,44,0.7333333333333333,28.871392
ELF-HOW,41.0,1.0413999999999999,53,0.8833333333333333,34.776904
ELF-NOM,43.2,1.09728,56,0.9333333333333333,36.745408
ELK-WIG,37.5,0.9525,48,0.8,31.496063999999997
ELK-SIR,63.125,1.603375,87,1.45,57.086616
ELK-NOR,47.9,1.2166599999999999,63,1.05,41.338584
ELK-USE,31.6,0.80264,39,0.65,25.590552
ELK-KIT,32.3,0.8204199999999999,40,0.6666666666666666,26.24672
ELK-TAT,43.0,1.0922,56,0.9333333333333333,36.745408
ELK-WOW,58.5,1.4859,80,1.3333333333333333,52.49344
ELK-ONO,35.9,0.9118599999999999,45,0.75,29.527559999999998
EON-YES,31.8,0.80772,39,0.65,25.590552
EON-WET,31.6,0.80264,39,0.65,25.590552
EON-POP,40.2,1.02108,52,0.8666666666666667,34.120736
EON-NIL,41.2,1.04648,53,0.8833333333333333,34.776904
EON-TOY,40.2,1.02108,52,0.8666666666666667,34.120736
ERA-IRE,32.5,0.8255,40,0.6666666666666666,26.24672
ERA-JUG,32.0,0.8128,39,0.65,25.590552
ERA-RIB,30.8,0.78232,37,0.6166666666666667,24.278216
ERA-YES,45.3,1.15062,59,0.9833333333333333,38.713912
ERA-SOY,42.1,1.06934,55,0.9166666666666666,36.08924
ERA-NIL,42.8,1.0871199999999999,56,0.9333333333333333,36.745408
ERA-GIG,52.1,1.32334,70,1.1666666666666667,45.93176
ERA-PLY,54.9,1.3944599999999998,74,1.2333333333333334,48.556432
ERA-LAW,46.1,1.17094,61,1.0166666666666666,40.026247999999995
ETA-TUX,33.75,0.85725,42,0.7,27.559055999999998
ETA-LUG,50.7,1.28778,68,1.1333333333333333,44.619423999999995
ETA-IVY,46.4,1.1785599999999998,61,1.0166666666666666,40.026247999999995
ETA-FOX,33.5,0.8509,41,0.6833333333333333,26.902887999999997
ETA-PAY,33.6,0.85344,42,0.7,27.559055999999998
ETA-TAG,51.5,1.3081,69,1.15,45.275591999999996
ETA-JAR,45.6,1.15824,60,1.0,39.37008
ETA-WIN,34.2,0.86868,42,0.7,27.559055999999998
EVE-LAW,29.8,0.75692,36,0.6,23.622048
EVE-FAX,29.2,0.74168,35,0.5833333333333334,22.96588
EVE-OLD,40.6,1.03124,52,0.8666666666666667,34.120736
EVE-GIG,33.5,0.8509,41,0.6833333333333333,26.902887999999997
EVE-IRE,43.1,1.09474,56,0.9333333333333333,36.745408
EVE-LIE,37.3,0.9474199999999999,47,0.7833333333333333,30.839896
EYE-GAS,29.6,0.75184,35,0.5833333333333334,22.96588
EYE-SUN,30.2,0.76708,36,0.6,23.622048
EYE-FIX,34.2,0.86868,42,0.7,27.559055999999998
EYE-IVY,33.3,0.8458199999999999,41,0.6833333333333333,26.902887999999997
EYE-POP,32.8,0.8331199999999999,40,0.6666666666666666,26.24672
FAN-VOW,35.375,0.898525,44,0.7333333333333333,28.871392
FAN-MOP,29.3,0.74422,35,0.5833333333333334,22.96588
FAN-PLY,36.0,0.9144,45,0.75,29.527559999999998
FAN-FUN,32.6,0.82804,40,0.6666666666666666,26.24672
FAN-ZZZ,32.3,0.8204199999999999,40,0.6666666666666666,26.24672
FAN-NAN,33.2,0.84328,41,0.6833333333333333,26.902887999999997
FAX-ZOO,30.7,0.7797799999999999,37,0.6166666666666667,24.278216
FAX-LIE,36.6,0.92964,46,0.7666666666666667,30.183728
FAX-GIG,35.0,0.889,44,0.7333333333333333,28.871392
FEW-HOW,32.3,0.8204199999999999,40,0.6666666666666666,26.24672
FEW-PIE,29.2,0.74168,35,0.5833333333333334,22.96588
FEW-RUM,31.2,0.79248,38,0.6333333333333333,24.934383999999998
FEW-GAL,30.8,0.78232,37,0.6166666666666667,24.278216
FEW-SHY,40.0,1.016,51,0.85,33.464568
FIG-KEY,35.375,0.898525,44,0.7333333333333333,28.871392
FIG-GOO,33.8,0.8585199999999998,42,0.7,27.559055999999998
FIG-NOR,31.9,0.81026,39,0.65,25.590552
FIG-YAK,31.1,0.78994,38,0.6333333333333333,24.934383999999998
FIX-MAC,32.25,0.8191499999999999,40,0.6666666666666666,26.24672
FIX-ODD,33.6,0.85344,42,0.7,27.559055999999998
FIX-POP,34.5,0.8763,43,0.7166666666666667,28.215224
FIX-IVY,47.0,1.1938,62,1.0333333333333334,40.682415999999996
FIX-GAS,32.6,0.82804,40,0.6666666666666666,26.24672
FIX-GIG,45.7,1.16078,60,1.0,39.37008
FIX-LUG,45.3,1.15062,59,0.9833333333333333,38.713912
FIX-YES,46.5,1.1811,61,1.0166666666666666,40.026247999999995
FLU-HUG,33.75,0.85725,42,0.7,27.559055999999998
FLU-SIR,36.875,0.9366249999999999,47,0.7833333333333333,30.839896
FLU-VAN,34.4,0.87376,43,0.7166666666666667,28.215224
FLY-OIL,31.5,0.8000999999999999,38,0.6333333333333333,24.934383999999998
FLY-VOW,45.2,1.14808,59,0.9833333333333333,38.713912
FLY-OAR,48.5,1.2319,64,1.0666666666666667,41.994752
FLY-TAX,32.9,0.83566,40,0.6666666666666666,26.24672
FLY-WIZ,41.1,1.04394,53,0.8833333333333333,34.776904
FOG-TAU,33.0,0.8382,41,0.6833333333333333,26.902887999999997
FOG-LAW,30.6,0.77724,37,0.6166666666666667,24.278216
FOG-TRY,29.0,0.7365999999999999,35,0.5833333333333334,22.96588
FOG-RIB,29.5,0.7493,35,0.5833333333333334,22.96588
FOG-SOY,36.3,0.9220199999999998,46,0.7666666666666667,30.183728
FOG-OLD,42.5,1.0795,55,0.9166666666666666,36.08924
FOR-OAK,33.75,0.85725,42,0.7,27.559055999999998
FOR-GET,35.25,0.89535,44,0.7333333333333333,28.871392
FOR-RUG,31.3,0.79502,38,0.6333333333333333,24.934383999999998
FOR-HIP,35.2,0.89408,44,0.7333333333333333,28.871392
FOX-SKY,28.2,0.7162799999999999,33,0.55,21.653544
FOX-IVY,33.3,0.8458199999999999,41,0.6833333333333333,26.902887999999997
FOX-TUX,32.5,0.8255,40,0.6666666666666666,26.24672
FOX-TAG,34.9,0.8864599999999999,44,0.7333333333333333,28.871392
FRO-RAW,32.25,0.8191499999999999,40,0.6666666666666666,26.24672
FRO-OFF,33.5,0.8509,41,0.6833333333333333,26.902887999999997
FRO-WHO,37.1,0.94234,47,0.7833333333333333,30.839896
FRO-GUN,31.9,0.81026,39,0.65,25.590552
FUN-NAY,32.2,0.81788,39,0.65,25.590552
FUN-PLY,37.0,0.9398,47,0.7833333333333333,30.839896
FUN-REF,33.7,0.8559800000000001,42,0.7,27.559055999999998
FUN-VOW,35.0,0.889,44,0.7333333333333333,28.871392
GAL-PIE,33.5,0.8509,41,0.6833333333333333,26.902887999999997
GAL-HOW,29.6,0.75184,35,0.5833333333333334,22.96588
GAL-WAR,29.9,0.7594599999999999,36,0.6,23.622048
GAL-RAD,29.0,0.7365999999999999,35,0.5833333333333334,22.96588
GAS-IVY,33.75,0.85725,42,0.7,27.559055999999998
GAS-ODD,33.1,0.84074,41,0.6833333333333333,26.902887999999997
GAS-LUG,32.6,0.82804,40,0.6666666666666666,26.24672
GAS-TUX,31.9,0.81026,39,0.65,25.590552
GEL-SEX,32.875,0.835025,40,0.6666666666666666,26.24672
GEL-PHI,35.3,0.8966199999999999,44,0.7333333333333333,28.871392
GEL-ROB,39.3,0.9982199999999999,50,0.8333333333333334,32.8084
GEL-MOO,34.0,0.8635999999999999,42,0.7,27.559055999999998
GET-OAK,34.5,0.8763,43,0.7166666666666667,28.215224
GET-HIP,34.75,0.8826499999999999,43,0.7166666666666667,28.215224
GET-RUG,46.4,1.1785599999999998,61,1.0166666666666666,40.026247999999995
GET-WOW,54.3,1.37922,73,1.2166666666666666,47.900264
GET-NEW,35.4,0.89916,44,0.7333333333333333,28.871392
GIG-IRE,32.3,0.8204199999999999,40,0.6666666666666666,26.24672
GIG-YES,50.0,1.27,67,1.1166666666666667,43.963256
GIG-LIE,55.5,1.4097,75,1.25,49.212599999999995
GIG-MAC,33.5,0.8509,41,0.6833333333333333,26.902887999999997
GIG-LAW,39.7,1.00838,51,0.85,33.464568
GIN-WIZ,33.625,0.8540749999999999,42,0.7,27.559055999999998
GIN-SAY,31.5,0.8000999999999999,38,0.6333333333333333,24.934383999999998
GIN-NAN,45.8,1.16332,60,1.0,39.37008
GIN-LAX,50.9,1.29286,68,1.1333333333333333,44.619423999999995
GIN-TAX,51.4,1.3055599999999998,69,1.15,45.275591999999996
GIN-ICE,35.3,0.8966199999999999,44,0.7333333333333333,28.871392
GIN-ZZZ,32.6,0.82804,40,0.6666666666666666,26.24672
GIN-VOW,49.0,1.2446,65,1.0833333333333333,42.65092
GIN-HAM,43.4,1.10236,56,0.9333333333333333,36.745408
GOO-PRO,34.7,0.88138,43,0.7166666666666667,28.215224
GOO-ZAP,45.0,1.143,59,0.9833333333333333,38.713912
GOO-YAK,33.9,0.8610599999999999,42,0.7,27.559055999999998
GOO-RUG,46.5,1.1811,61,1.0166666666666666,40.026247999999995
GOO-NOR,45.7,1.16078,60,1.0,39.37008
GOO-KEY,34.4,0.87376,43,0.7166666666666667,28.215224
GOO-SAD,33.8,0.8585199999999998,42,0.7,27.559055999999998
GOO-PIG,52.9,1.3436599999999999,71,1.1833333333333333,46.587928
GOO-WOW,51.8,1.3157199999999998,69,1.15,45.275591999999996
GUN-JOY,32.125,0.815975,39,0.65,25.590552
GUN-RAW,34.75,0.8826499999999999,43,0.7166666666666667,28.215224
GUN-WHO,51.5,1.3081,69,1.15,45.275591999999996
GUN-OFF,42.7,1.08458,55,0.9166666666666666,36.08924
GUN-NOM,46.8,1.1887199999999998,62,1.0333333333333334,40.682415999999996
GUN-SPY,49.1,1.24714,65,1.0833333333333333,42.65092
GUN-TAG,54.4,1.3817599999999999,73,1.2166666666666666,47.900264
GUN-TUB,36.2,0.9194800000000001,46,0.7666666666666667,30.183728
GUT-INK,33.0,0.8382,41,0.6833333333333333,26.902887999999997
GUT-MAY,31.4,0.7975599999999999,38,0.6333333333333333,24.934383999999998
GUT-HEX,31.5,0.8000999999999999,38,0.6333333333333333,24.934383999999998
GUT-WAX,50.0,1.27,67,1.1166666666666667,43.963256
GUT-MIX,31.2,0.79248,38,0.6333333333333333,24.934383999999998
GUT-RUM,46.1,1.17094,61,1.0166666666666666,40.026247999999995
GUT-SIP,43.5,1.1049,57,0.95,37.401576
GUT-OIL,52.6,1.33604,71,1.1833333333333333,46.587928
GUT-MOM,50.3,1.27762,67,1.1166666666666667,43.963256
GYM-VAN,34.75,0.8826499999999999,43,0.7166666666666667,28.215224
GYM-TAX,54.2,1.3766800000000001,73,1.2166666666666666,47.900264
GYM-OAR,42.4,1.07696,55,0.9166666666666666,36.08924
GYM-PAW,43.5,1.1049,57,0.95,37.401576
GYM-HUG,47.2,1.19888,62,1.0333333333333334,40.682415999999996
GYM-MOM,44.3,1.1252199999999999,58,0.9666666666666667,38.057744
GYM-ZIG,34.7,0.88138,43,0.7166666666666667,28.215224
GYM-LID,51.6,1.31064,69,1.15,45.275591999999996
HAM-NAN,32.875,0.835025,40,0.6666666666666666,26.24672
HAM-LAX,31.6,0.80264,39,0.65,25.590552
HAM-ZZZ,40.0,1.016,51,0.85,33.464568
HAM-ICE,40.1,1.01854,51,0.85,33.464568
HAY-JAR,29.1,0.73914,35,0.5833333333333334,22.96588
HAY-WIN,34.5,0.8763,43,0.7166666666666667,28.215224
HAY-YAY,36.0,0.9144,45,0.75,29.527559999999998
HAY-SAW,39.6,1.00584,51,0.85,33.464568
HEX-SIP,33.1,0.84074,41,0.6833333333333333,26.902887999999997
HEX-MAY,35.6,0.90424,45,0.75,29.527559999999998
HEX-WAX,36.2,0.9194800000000001,46,0.7666666666666667,30.183728
HEX-MIX,39.2,0.99568,50,0.8333333333333334,32.8084
HIP-SAD,37.375,0.949325,47,0.7833333333333333,30.839896
HIP-WOW,35.7,0.90678,45,0.75,29.527559999999998
HIP-RUG,32.0,0.8128,39,0.65,25.590552
HIP-NEW,35.1,0.89154,44,0.7333333333333333,28.871392
HIT-SUN,33.875,0.860425,42,0.7,27.559055999999998
HIT-NOM,34.6,0.87884,43,0.7166666666666667,28.215224
HOT-PRO,35.375,0.898525,44,0.7333333333333333,28.871392
HOT-PIG,34.4,0.87376,43,0.7166666666666667,28.215224
HOT-ZAP,31.6,0.80264,39,0.65,25.590552
HOT-JAM,31.5,0.8000999999999999,38,0.6333333333333333,24.934383999999998
HOT-OLD,39.0,0.9905999999999999,50,0.8333333333333334,32.8084
HOT-LIE,36.3,0.9220199999999998,46,0.7666666666666667,30.183728
HOW-REF,47.6,1.20904,63,1.05,41.338584
HOW-WAR,29.6,0.75184,35,0.5833333333333334,22.96588
HOW-PIE,42.6,1.08204,55,0.9166666666666666,36.08924
HOW-RUM,46.3,1.1760199999999998,61,1.0166666666666666,40.026247999999995
HOW-SHY,38.0,0.9652,48,0.8,31.496063999999997
HUG-VAN,31.0,0.7874,38,0.6333333333333333,24.934383999999998
HUG-SIR,55.8,1.41732,75,1.25,49.212599999999995
HUG-LID,51.7,1.31318,69,1.15,45.275591999999996
ICE-MAD,31.6,0.80264,39,0.65,25.590552
ICE-SAY,40.3,1.02362,52,0.8666666666666667,34.120736
ICE-LAX,32.7,0.83058,40,0.6666666666666666,26.24672
INK-MAY,32.625,0.8286749999999999,40,0.6666666666666666,26.24672
INK-RUM,34.875,0.885825,44,0.7333333333333333,28.871392
INK-OIL,37.9,0.96266,48,0.8,31.496063999999997
INK-SHY,39.3,0.9982199999999999,50,0.8333333333333334,32.8084
IRE-YES,43.1,1.09474,56,0.9333333333333333,36.745408
IRE-MAC,38.5,0.9779,49,0.8166666666666667,32.152232
IRE-LAW,39.1,0.99314,50,0.8333333333333334,32.8084
IRE-RIB,38.8,0.9855199999999998,49,0.8166666666666667,32.152232
IVY-TUX,32.875,0.835025,40,0.6666666666666666,26.24672
IVY-SUN,33.875,0.860425,42,0.7,27.559055999999998
IVY-SKY,34.0,0.8635999999999999,42,0.7,27.559055999999998
IVY-LUG,48.5,1.2319,64,1.0666666666666667,41.994752
IVY-TAG,49.4,1.2547599999999999,66,1.1,43.307088
JAM-ZOO,35.4,0.89916,44,0.7333333333333333,28.871392
JAM-PIG,34.9,0.8864599999999999,44,0.7333333333333333,28.871392
JAM-LIE,36.7,0.93218,46,0.7666666666666667,30.183728
JAM-MOO,35.6,0.90424,45,0.75,29.527559999999998
JAR-TAR,47.0,1.1938,62,1.0333333333333334,40.682415999999996
JAR-WIN,30.5,0.7746999999999999,37,0.6166666666666667,24.278216
JAR-PAY,31.0,0.7874,38,0.6333333333333333,24.934383999999998
JAR-LUG,45.1,1.14554,59,0.9833333333333333,38.713912
JAR-YAY,44.6,1.13284,58,0.9666666666666667,38.057744
JAR-WHY,32.1,0.81534,39,0.65,25.590552
JAR-SAW,37.8,0.9601199999999999,48,0.8,31.496063999999997
JOB-NAY,29.0,0.7365999999999999,35,0.5833333333333334,22.96588
JOB-NIL,30.0,0.762,36,0.6,23.622048
JOB-JUG,39.2,0.99568,50,0.8333333333333334,32.8084
JOB-TOY,35.4,0.89916,44,0.7333333333333333,28.871392
JOB-PLY,35.9,0.9118599999999999,45,0.75,29.527559999999998
JOY-NOM,35.1,0.89154,44,0.7333333333333333,28.871392
JOY-SPY,35.7,0.90678,45,0.75,29.527559999999998
JOY-RAW,34.4,0.87376,43,0.7166666666666667,28.215224
JUG-PLY,35.7,0.90678,45,0.75,29.527559999999998
JUG-RIB,40.9,1.03886,53,0.8833333333333333,34.776904
JUG-NIL,38.9,0.9880599999999999,50,0.8333333333333334,32.8084
JUG-SOY,41.7,1.05918,54,0.9,35.433071999999996
JUG-MOP,40.6,1.03124,52,0.8666666666666667,34.120736
KEG-WHY,32.375,0.822325,40,0.6666666666666666,26.24672
KEG-ODD,31.2,0.79248,38,0.6333333333333333,24.934383999999998
KEG-TAR,32.4,0.8229599999999999,40,0.6666666666666666,26.24672
KEG-WAS,29.2,0.74168,35,0.5833333333333334,22.96588
KEG-LUG,34.5,0.8763,43,0.7166666666666667,28.215224
KEY-WOW,33.75,0.85725,42,0.7,27.559055999999998
KEY-NOR,30.9,0.7848599999999999,37,0.6166666666666667,24.278216
KEY-SAD,29.8,0.75692,36,0.6,23.622048
KEY-WIG,38.7,0.9829800000000001,49,0.8166666666666667,32.152232
KIT-NOR,40.5,1.0287,52,0.8666666666666667,34.120736
KIT-WIG,39.4,1.0007599999999999,50,0.8333333333333334,32.8084
KIT-ONO,47.1,1.19634,62,1.0333333333333334,40.682415999999996
LAB-LAM,28.1,0.71374,33,0.55,21.653544
LAB-TAU,32.8,0.8331199999999999,40,0.6666666666666666,26.24672
LAB-YAK,29.8,0.75692,36,0.6,23.622048
LAB-ZAP,31.0,0.7874,38,0.6333333333333333,24.934383999999998
LAB-OLD,43.8,1.11252,57,0.95,37.401576
LAM-TAU,33.125,0.841375,41,0.6833333333333333,26.902887999999997
LAM-TRY,31.1,0.78994,38,0.6333333333333333,24.934383999999998
LAW-RIB,33.75,0.85725,42,0.7,27.559055999999998
LAW-LIE,49.0,1.2446,65,1.0833333333333333,42.65092
LAW-TAU,40.8,1.03632,53,0.8833333333333333,34.776904
LAW-SOY,48.8,1.23952,65,1.0833333333333333,42.65092
LAW-OLD,39.8,1.0109199999999998,51,0.85,33.464568
LAX-MAD,31.6,0.80264,39,0.65,25.590552
LAX-NAN,50.4,1.28016,67,1.1166666666666667,43.963256
LEG-OVA,34.6,0.87884,43,0.7166666666666667,28.215224
LEG-SPY,34.9,0.8864599999999999,44,0.7333333333333333,28.871392
LEG-WHO,34.8,0.8839199999999999,43,0.7166666666666667,28.215224
LEG-RAW,36.3,0.9220199999999998,46,0.7666666666666667,30.183728
LEG-NIX,38.7,0.9829800000000001,49,0.8166666666666667,32.152232
LID-MOM,46.2,1.17348,61,1.0166666666666666,40.026247999999995
LID-WAX,53.9,1.36906,72,1.2,47.244096
LIE-ZAP,49.2,1.2496800000000001,65,1.0833333333333333,42.65092
LIE-OLD,34.9,0.8864599999999999,44,0.7333333333333333,28.871392
LIE-TAU,52.9,1.3436599999999999,71,1.1833333333333333,46.587928
LIE-PIG,54.9,1.3944599999999998,74,1.2333333333333334,48.556432
LIE-ZOO,34.8,0.8839199999999999,43,0.7166666666666667,28.215224
LUG-PAY,34.1,0.86614,42,0.7,27.559055999999998
LUG-TAR,48.4,1.22936,64,1.0666666666666667,41.994752
LUG-ODD,32.9,0.83566,40,0.6666666666666666,26.24672
LUG-TUX,34.5,0.8763,43,0.7166666666666667,28.215224
LUG-WHY,32.7,0.83058,40,0.6666666666666666,26.24672
MAC-POP,28.7,0.72898,34,0.5666666666666667,22.309711999999998
MAC-YES,33.9,0.8610599999999999,42,0.7,27.559055999999998
MAY-RUM,32.5,0.8255,40,0.6666666666666666,26.24672
MAY-SIP,30.7,0.7797799999999999,37,0.6166666666666667,24.278216
MIX-MOM,30.9,0.7848599999999999,37,0.6166666666666667,24.278216
MIX-OAR,42.8,1.0871199999999999,56,0.9333333333333333,36.745408
MIX-WAX,44.6,1.13284,58,0.9666666666666667,38.057744
MOM-OAR,32.75,0.83185,40,0.6666666666666666,26.24672
MOM-TAX,56.1,1.4249399999999999,76,1.2666666666666666,49.868767999999996
MOM-WAX,49.2,1.2496800000000001,65,1.0833333333333333,42.65092
MOO-PIG,33.5,0.8509,41,0.6833333333333333,26.902887999999997
MOP-SOY,34.25,0.86995,43,0.7166666666666667,28.215224
MOP-NAN,33.2,0.84328,41,0.6833333333333333,26.902887999999997
MOP-PLY,35.7,0.90678,45,0.75,29.527559999999998
NAN-VOW,49.4,1.2547599999999999,66,1.1,43.307088
NAN-SOY,46.9,1.19126,62,1.0333333333333334,40.682415999999996
NAN-PLY,49.1,1.24714,65,1.0833333333333333,42.65092
NAN-ZZZ,33.5,0.8509,41,0.6833333333333333,26.902887999999997
NAY-PLY,36.8,0.9347199999999999,46,0.7666666666666667,30.183728
NAY-REF,33.8,0.8585199999999998,42,0.7,27.559055999999998
NEW-WOW,33.2,0.84328,41,0.6833333333333333,26.902887999999997
NEW-USE,39.9,1.01346,51,0.85,33.464568
NIL-TOY,30.3,0.76962,37,0.6166666666666667,24.278216
NIL-WET,44.9,1.1404599999999998,59,0.9833333333333333,38.713912
NIL-YES,45.8,1.16332,60,1.0,39.37008
NIL-PLY,46.2,1.17348,61,1.0166666666666666,40.026247999999995
NIX-SPY,57.2,1.45288,78,1.3,51.181104
NIX-OVA,35.8,0.9093199999999999,45,0.75,29.527559999999998
NIX-WHO,56.9,1.44526,77,1.2833333333333334,50.524936
NIX-PIE,46.6,1.18364,61,1.0166666666666666,40.026247999999995
NOM-WET,46.9,1.19126,62,1.0333333333333334,40.682415999999996
NOM-SPY,54.5,1.3842999999999999,73,1.2166666666666666,47.900264
NOR-WIG,30.7,0.7797799999999999,37,0.6166666666666667,24.278216
NOR-WOW,46.8,1.1887199999999998,62,1.0333333333333334,40.682415999999996
OAK-ROB,28.3,0.71882,33,0.55,21.653544
OAR-TAX,35.2,0.89408,44,0.7333333333333333,28.871392
OAR-ZIG,39.5,1.0032999999999999,51,0.85,33.464568
OFF-WHO,55.1,1.39954,74,1.2333333333333334,48.556432
OFF-TAG,46.2,1.17348,61,1.0166666666666666,40.026247999999995
OFF-ORC,34.8,0.8839199999999999,43,0.7166666666666667,28.215224
OIL-VOW,48.9,1.24206,65,1.0833333333333333,42.65092
OIL-RUM,56.6,1.43764,77,1.2833333333333334,50.524936
OIL-SHY,41.0,1.0413999999999999,53,0.8833333333333333,34.776904
OIL-TAX,53.4,1.35636,72,1.2,47.244096
OIL-REF,43.5,1.1049,57,0.95,37.401576
OLD-TAU,31.0,0.7874,38,0.6333333333333333,24.934383999999998
OLD-ZAP,40.7,1.03378,52,0.8666666666666667,34.120736
ONO-SIR,35.8,0.9093199999999999,45,0.75,29.527559999999998
ONO-USE,47.2,1.19888,62,1.0333333333333334,40.682415999999996
ONO-TAT,36.9,0.9372599999999999,47,0.7833333333333333,30.839896
ORC-TAG,30.6,0.77724,37,0.6166666666666667,24.278216
OVA-PIE,30.6,0.77724,37,0.6166666666666667,24.278216
OVA-RAD,34.2,0.86868,42,0.7,27.559055999999998
OVA-SPY,35.7,0.90678,45,0.75,29.527559999999998
PAW-SAY,36.9,0.9372599999999999,47,0.7833333333333333,30.839896
PAW-ZIG,34.4,0.87376,43,0.7166666666666667,28.215224
PAW-VAN,39.5,1.0032999999999999,51,0.85,33.464568
PAY-TUX,30.5,0.7746999999999999,37,0.6166666666666667,24.278216
PAY-WHY,30.6,0.77724,37,0.6166666666666667,24.278216
PAY-WIN,35.1,0.89154,44,0.7333333333333333,28.871392
PHI-TAR,33.25,0.8445499999999999,41,0.6833333333333333,26.902887999999997
PHI-WAS,28.5,0.7239,34,0.5666666666666667,22.309711999999998
PHI-SEX,31.4,0.7975599999999999,38,0.6333333333333333,24.934383999999998
PHI-SAW,44.9,1.1404599999999998,59,0.9833333333333333,38.713912
PIE-RAD,32.875,0.835025,40,0.6666666666666666,26.24672
PIE-RUM,41.4,1.0515599999999998,53,0.8833333333333333,34.776904
PIE-SPY,46.3,1.1760199999999998,61,1.0166666666666666,40.026247999999995
PIG-RUG,49.3,1.2522199999999999,65,1.0833333333333333,42.65092
PIG-ZAP,44.8,1.1379199999999998,59,0.9833333333333333,38.713912
PIG-PRO,34.5,0.8763,43,0.7166666666666667,28.215224
PLY-SOY,53.4,1.35636,72,1.2,47.244096
PLY-REF,52.6,1.33604,71,1.1833333333333333,46.587928
PLY-VOW,54.1,1.37414,73,1.2166666666666666,47.900264
POP-YES,31.8,0.80772,39,0.65,25.590552
PRO-ZAP,30.4,0.77216,37,0.6166666666666667,24.278216
PRO-YAK,35.0,0.889,44,0.7333333333333333,28.871392
RAD-SPY,33.0,0.8382,41,0.6833333333333333,26.902887999999997
RAW-SPY,32.875,0.835025,40,0.6666666666666666,26.24672
RAW-WHO,34.875,0.885825,44,0.7333333333333333,28.871392
REF-RUM,67.875,1.724025,94,1.5666666666666667,61.679792
REF-VOW,48.8,1.23952,65,1.0833333333333333,42.65092
REF-SHY,37.1,0.94234,47,0.7833333333333333,30.839896
RIB-SOY,32.4,0.8229599999999999,40,0.6666666666666666,26.24672
ROB-SEX,31.7,0.8051799999999999,39,0.65,25.590552
RUG-SAD,32.375,0.822325,40,0.6666666666666666,26.24672
RUG-WOW,50.4,1.28016,67,1.1166666666666667,43.963256
RUM-SHY,40.2,1.02108,52,0.8666666666666667,34.120736
RUM-SIP,45.0,1.143,59,0.9833333333333333,38.713912
SAD-WOW,35.0,0.889,44,0.7333333333333333,28.871392
SAW-TAR,32.5,0.8255,40,0.6666666666666666,26.24672
SAW-SEX,40.1,1.01854,51,0.85,33.464568
SAW-YAY,34.8,0.8839199999999999,43,0.7166666666666667,28.215224
SAW-WHY,37.6,0.95504,48,0.8,31.496063999999997
SAY-TAX,44.1,1.12014,58,0.9666666666666667,38.057744
SAY-WIZ,42.6,1.08204,55,0.9166666666666666,36.08924
SAY-ZIG,34.0,0.8635999999999999,42,0.7,27.559055999999998
SEX-TAR,45.1,1.14554,59,0.9833333333333333,38.713912
SEX-YAY,54.4,1.3817599999999999,73,1.2166666666666666,47.900264
SIP-WAX,53.9,1.36906,72,1.2,47.244096
SIR-TAT,45.9,1.16586,60,1.0,39.37008
SKY-SUN,30.5,0.7746999999999999,37,0.6166666666666667,24.278216
SKY-TUB,35.6,0.90424,45,0.75,29.527559999999998
SKY-TAG,32.4,0.8229599999999999,40,0.6666666666666666,26.24672
SOY-TRY,34.4,0.87376,43,0.7166666666666667,28.215224
SOY-TAU,53.7,1.36398,72,1.2,47.244096
SPY-WHO,48.7,1.23698,65,1.0833333333333333,42.65092
TAG-TUB,33.7,0.8559800000000001,42,0.7,27.559055999999998
TAR-WHY,33.875,0.860425,42,0.7,27.559055999999998
TAR-YAY,49.1,1.24714,65,1.0833333333333333,42.65092
TAR-WAS,32.9,0.83566,40,0.6666666666666666,26.24672
TAT-USE,43.2,1.09728,56,0.9333333333333333,36.745408
TAU-TRY,34.25,0.86995,43,0.7166666666666667,28.215224
TAU-ZAP,42.7,1.08458,55,0.9166666666666666,36.08924
TAX-WIZ,36.0,0.9144,45,0.75,29.527559999999998
TAX-VOW,53.4,1.35636,72,1.2,47.244096
TAX-ZIG,34.6,0.87884,43,0.7166666666666667,28.215224
TOY-WET,33.875,0.860425,42,0.7,27.559055999999998
USE-WOW,45.5,1.1557,60,1.0,39.37008
USE-WIG,38.4,0.9753599999999999,49,0.8166666666666667,32.152232
VOW-WIZ,35.3,0.8966199999999999,44,0.7333333333333333,28.871392
VOW-ZZZ,34.1,0.86614,42,0.7,27.559055999999998
WAS-ZOO,35.2,0.89408,44,0.7333333333333333,28.871392
WET-YES,51.4,1.3055599999999998,69,1.15,45.275591999999996
WIG-WOW,35.8,0.9093199999999999,45,0.75,29.527559999999998
WIZ-ZZZ,35.3,0.8966199999999999,44,0.7333333333333333,28.871392
YAK-ZAP,32.0,0.8128,39,0.65,25.590552
